100
100
6 26
18 19
20 24
32 34
87 105
99 102
86 99
19 30
11 31
96 99
4 9
31 38
67 77
2 22
30 45
97 114
25 41
68 74
50 64
7 17
10 29
31 41
42 53
51 65
42 50
36 43
83 103
64 76
61 68
50 54
12 32
31 50
66 78
83 93
4 7
58 66
52 55
68 84
92 112
48 63
18 35
32 35
8 26
53 55
15 31
64 73
6 14
66 79
98 100
93 109
96 101
22 31
46 57
95 114
61 66
25 45
80 90
33 34
58 65
61 76
93 111
54 74
24 37
24 28
25 35
78 80
73 86
22 42
42 60
10 26
61 77
34 49
96 97
34 50
58 67
81 94
25 41
3 14
59 79
25 30
49 65
6 9
7 8
94 96
97 102
56 68
91 94
57 65
62 66
94 96
91 107
25 35
62 63
19 21
60 77
6 16
51 56
83 102
44 62
0 12
