1000
8029267113737 12
2185716193721 10
1190720774532 96
6921368154953 26
1491098084850 60
7084102190644 40
5112032191473 69
6897826442485 64
3447028379662 56
1125230030855 37
6168491777086 95
2222054764721 86
3026390275410 89
331583015088 86
1487414789038 47
1628062592413 90
8690199306750 77
9713769910287 41
916546139912 88
4049018018070 82
4963236393787 69
9609290683441 47
8369313280953 85
9483748157614 62
2369580286488 85
3293608749130 98
912022586247 59
252967001239 16
2829836286087 26
8473183307001 40
6997476271848 69
3833101633818 81
3914193336809 32
5566932962405 69
179515567791 90
7238383710794 69
747408496371 22
5217189202756 47
3352297478607 77
931400745121 50
5308252856021 58
4259118484587 39
9740673012756 33
157856955186 66
5096635506807 7
6886929029886 82
8731454817519 39
7780124664435 72
4265239510334 87
7475556291624 41
2961345914497 41
9587507044357 39
1559120350442 76
2824644839453 72
9503970914665 97
632464250062 65
7981055083479 72
1030836520136 22
9403668225129 61
289743353524 15
9819733742163 45
6592752813116 94
7895871698375 10
1194342677113 4
7718272411573 56
6605034942752 77
3382176273680 5
4387541388199 61
994744192668 51
9852714457825 36
967400468144 58
5309276185201 54
5375930093797 56
6668520950383 85
7528806180656 66
9278239353387 35
4134105338578 47
5897234445604 96
241375602500 96
4189425552844 4
5760644742715 95
8638434991404 50
6985339789887 46
4083286291778 31
236499914437 46
8477967745806 48
4419516760015 18
151524585465 32
125693938869 79
4573382479920 41
3777478495673 19
5001377354183 58
9720951311649 58
9940729527122 72
7989357573765 5
7921143584140 7
4922952878087 59
2891160635400 50
9583892262329 69
9887545311104 53
908784983963 97
1023461210608 69
2150262946363 4
5122917253708 91
7995031331918 20
9930457009411 30
3546258878774 9
9683262317760 6
5828783465906 93
3227874407097 70
3751652878637 8
7566480658676 47
7706933873963 35
581235731880 23
7431256877172 79
7109555615583 70
8832631407076 78
3667512256374 94
9308002622261 42
3258019889932 14
8485897904285 67
9073881088952 54
8118648570119 83
5297704276007 93
8378641205383 87
7763910382878 27
9673765330259 90
803237143269 13
5786369642812 73
4669031294303 79
1852422574051 65
1556005683644 78
9910772387338 90
1666285637091 74
4013116110675 55
6519314917567 47
8111951086941 34
4529508100544 47
4347845367020 58
175537651531 46
8351959710916 53
4855117958948 42
3268176387802 97
5403930199186 17
7042827986677 44
2270509857780 19
1849885705900 47
9579473197773 1
9050033486096 19
976939056626 70
6169233017805 65
5560500914256 45
3087787287894 67
509289720252 18
9916390042612 34
160456534499 72
8624275410846 87
6291580753149 31
673098256239 23
945335136444 3
1766809753006 47
6610345454905 74
7042360535645 21
5376522208062 81
7433914794724 100
9153880925694 64
3848883899456 18
7882669224457 65
4802728161932 52
4371472498182 60
9076786316489 49
2984973921175 23
9547503535439 47
9591850833165 21
970402933841 4
7935696685855 87
3752199615094 47
6353908155064 95
733366751884 85
6885291484319 59
8083060283732 76
1768766661662 51
751060208409 82
8867784026456 29
8042563482089 1
271243886724 22
7770354213237 22
4817917489016 35
2531941133484 100
7536796842879 41
4945291598972 29
6239556763483 53
16041627940 38
9491220020723 47
4322232584198 73
8916689926429 58
2413189873501 30
4335574358300 45
335229781392 75
8718038456905 48
6440952216576 12
5495480369241 76
2244668802789 68
1526670136935 5
4721503487620 17
8278954012909 71
4534297815730 23
8363454951919 25
7110312997464 74
5299747823491 33
4228692436130 27
3836175756774 98
4900231640536 98
9806132396195 19
1373445807012 67
3612423341327 99
7511790503911 39
2024041760583 15
9420470224743 89
4532237898891 26
2613347528593 67
3807106101480 54
7328039990717 74
1697153439254 100
22741984487 100
5869235877025 97
1211676315190 22
892485386166 34
7876330404791 40
1346538033572 95
9221125942643 22
7063342891309 89
4066033741385 71
6487713055779 71
2637265200671 78
7626814981016 68
3829480173652 95
2397426729505 85
3602819438420 3
5594210459732 67
1090650087422 68
7876995852835 32
1167195277738 8
8414234367649 12
9467267677280 68
8292470550250 6
4718902432038 55
5418816020266 54
4441535400633 52
2269777442076 88
2924817337897 71
2328581991143 73
1328850808113 79
7910986336493 84
8820588894061 92
8557231674094 35
4966980440164 64
2212734044670 1
5202046073112 34
5176870051692 23
386078116065 74
3355213324104 94
8823491355340 25
3889085372787 56
678895722940 74
342164664459 57
6054623889216 1
357179232961 12
7396755380904 37
2314313599780 12
1771699668204 49
6126920563630 39
7304110107985 15
2872024477531 88
8965791671880 55
7173807234014 1
1516572443004 41
4456018991966 59
9302218553749 45
3603427856842 92
4503135835534 9
3583995993444 18
6616339181557 80
7940403077997 40
2208509447120 28
227944795872 48
1124599258833 1
718057879610 89
4693688623720 29
933202850440 67
1638145546939 37
3009687390727 14
8635199293833 65
3493950439548 93
5809979408021 85
7916869426796 82
1042139473609 88
869212275487 54
5441209302563 28
1669910524809 35
9063500687179 48
1629096525582 83
8252720684837 71
8615977964091 68
5937236766987 98
6604226906682 33
7655359550246 53
729268955130 14
7078789340677 69
4225482645450 81
1319766346986 46
3200221294778 50
3641554804325 61
19553131679 99
2878217584324 100
6731651512489 46
3587318981823 18
2128155524697 47
707071099181 51
4784786277742 39
291651610501 100
4218858836012 86
1001264793672 21
4235907312008 72
9171347190474 9
967160185572 47
602079336886 65
2852188009316 38
8236815055269 51
3325566904017 16
4561204806794 25
3055088218278 96
8417135110495 90
9987732111195 83
5926545883024 8
5767682727105 40
6159868880543 96
4164377310190 10
4933838010177 29
5240356459825 10
6860843230917 36
4594636040636 95
374066781665 51
1705725364932 77
317733846865 72
9725083132445 2
5087679341373 6
3026631098194 91
7962583744959 44
2627357964069 86
7785218900851 97
105664428690 10
8380750910209 55
1104558762791 65
2669495012339 4
7418111423562 23
2551600523931 81
6992429466977 43
9458740165411 53
1535717798448 84
3728615756776 16
4654581321853 72
4039309584141 86
2319446852542 67
693912931961 38
5889360259608 32
3341014163703 29
2422556926045 83
264235078439 63
5034691296823 69
9872030916106 72
2463236989952 9
4463887487108 12
5348467401551 34
8152989944756 22
3697438971977 44
8144154782153 6
696238106863 9
6032401369795 81
4183694997919 24
7962489780670 79
5204614795143 56
6067248601743 99
3023606320810 42
1153456061285 84
9265213775614 31
509437640543 5
3447455729267 58
1182454529677 89
8895121436088 84
5679276986735 12
1215387483147 51
942918009077 46
6005233442364 12
4927310558726 86
3700802341203 95
260321004992 93
4191641590951 71
6531757508795 88
2658221947492 55
5272714185312 25
8709869203389 30
3650223795854 75
754645609424 98
951585370656 31
4167291451225 78
2240664756102 12
452631428804 63
7294304533693 39
158070804626 34
6645961967369 12
5109752734340 88
2763458933436 78
3233021235014 98
6515810892970 73
6979598663572 93
7813847561530 41
7569845555398 79
7845130106799 61
6295918334176 30
7973426861595 60
5426746486107 89
5845057375691 39
3396843043451 79
2336411441997 76
5359314304328 53
7413786993903 92
5887825037645 94
9769630019877 2
9471631020831 38
5011258111083 46
8072303293654 76
2138203509810 4
4287514332522 53
3964977321056 81
8779217749982 11
1044979754624 45
2150833112187 11
83679462839 49
27736346881 63
9102590003712 53
1401632970120 62
5855286350452 60
6691960227479 64
6409472931685 97
1907863241622 91
2612326886502 83
4244174017906 32
5620652691510 19
4733032673496 54
9114289668387 21
1522371507056 91
7716551966749 14
7048475213901 99
9220880774878 41
219490990342 37
2462430867909 81
4837353729994 88
8910581968224 56
3940970895872 4
7691242508308 57
6739123249859 97
5828169324031 12
5053268447040 81
9514154274111 63
1032789339946 81
3296888851196 1
8786050672691 52
6228365466242 23
8812840903451 27
2909074754556 64
3770222973499 60
652624505516 64
3688391496744 35
135227963491 3
4881598676174 22
3477365181371 36
8129208517870 1
2602356500980 98
752693828125 30
2967115392628 18
742460671378 47
4340644015070 33
7276613717687 83
5361374537843 1
6016593024957 22
5120123817456 23
3641123570782 11
8393561353210 33
5335123447973 8
4958046111403 38
6354428439761 97
1835781357362 51
7740114449437 21
7664451234380 82
6553817284694 11
277460101551 11
6894739526750 69
6823957956059 8
5186282253851 54
258313819364 12
454119093483 75
988028584446 60
1150354611053 24
1423926383052 33
7909547910275 30
6701368834434 16
4816552438490 43
8745950619506 79
2974456701399 65
1047812477328 64
7040305783419 62
6823720598083 84
5943376700154 73
8104735857131 33
5831348355226 50
2330871544652 53
3740655964576 29
379878768892 12
2699658722672 8
1375657285916 39
8185777651053 66
4871520294822 67
6613344968064 71
5557334289309 75
25378722003 56
9115244311474 61
7930419345513 68
999067122773 99
9584980770881 87
5001792311511 18
7466021312317 74
1700133881998 16
650732636522 86
6096856508440 58
3883817812145 23
3958766652716 81
5548708570624 49
5070262859923 52
2446095164391 43
1748192519990 57
7231912567130 19
9537158391813 67
6800739048203 65
9034465270149 79
9639197150408 47
1799554898980 92
1367258740348 70
8310233042143 25
5579701441179 86
5368382740718 47
1877940652121 77
1531452019047 100
8156604992233 26
9587871417351 99
7228480684120 80
3073342694279 18
2197838075987 24
9621062475732 85
3145063907860 100
5382634245799 91
2689291281330 62
9887816823518 69
681046581675 41
6074541398545 37
2602645374690 27
5723435927439 38
768410839879 14
1906403905474 32
3855771486031 92
9526884644654 10
2828676567348 37
5542982728583 70
5209065736864 62
4024260418786 47
3817078903985 20
1136728010174 10
6588252460625 23
562088858254 16
9220932006535 23
3529215721072 93
8078723056637 39
6303332063954 3
6506708255572 19
7771318384546 46
9703179948171 68
1445069214279 34
9896767679972 82
7557539810115 15
2150434454359 60
3458300364085 8
987032196011 2
2473052199577 63
5618741863869 99
4843752354854 39
9671771323941 34
6661588558811 21
7624788385012 13
6595965579619 79
1172993899375 13
4492313684712 45
1662992956468 78
3406367665590 87
2924603497771 32
6663931355801 6
2544045007131 65
1041719971049 21
4716428750063 33
1105530515696 43
6549913233111 65
5173181786861 3
4321419602394 64
3969684891419 25
4798028280276 2
6076041930515 58
4931271747042 78
6846364683115 45
6504907170136 32
8153193991211 66
1214977131592 83
4503717275955 54
4937694369423 87
7290099346519 13
9060209422284 10
9988462384679 2
4344081384026 88
1829313170893 76
6994751829051 31
610046281008 78
6363817189268 55
7762970940239 97
7253612482668 89
7888522291081 39
4860405279241 23
3186367627893 84
856347583093 79
9834404549553 4
3234690806770 63
5447333727920 89
5518471060812 75
7903360186974 50
594946247242 46
8527222091833 64
5530840076097 28
9381646836881 12
5822525240282 27
3188083508857 18
1751459358920 1
6832994682936 88
7116659389412 64
2686415700255 80
7708615870595 11
3766217580939 12
9643661453062 3
3236544208944 49
4647684733297 41
5023022265894 42
870915060967 78
2831497708093 67
2685850037750 49
8295581053690 91
9356099624619 38
1582850308164 94
2558607669667 16
7718592272961 62
8434375957847 55
7647442682845 73
2924165530206 80
7084635808332 91
625548884482 35
7728296799667 62
1459421720376 41
515033249579 14
6299900730470 11
8732091918404 75
5558844153907 9
7493294702170 85
8509674841823 77
6020840069247 37
7491158657352 11
741886873094 75
4142777622606 42
2066032402087 31
9802158475641 83
9633938787341 6
9471016883613 11
5700109629163 44
111060611015 21
3259944036593 21
9561673836411 88
5395880765623 41
9018046234273 16
32967727290 95
1963657785309 56
8594340890111 88
9792408790006 80
5378688365042 83
7724725970405 13
1000466867949 46
6594557638123 37
7952929113351 15
7994978549480 70
6994350432907 50
9867350277174 67
4516169157898 73
2244667731679 69
4547048062349 3
2799562698496 42
8788772344573 80
632992237437 79
4217205582384 67
6717678300414 33
4358924747237 34
7039783370473 14
1966794675311 95
5992965926394 82
9698252837514 49
3571099843015 20
2092320943551 44
6945235042446 72
2864980192220 40
6519708680888 33
450954042602 28
1991212700126 90
4081660519107 75
6621176924384 78
3048774625581 81
7893928704835 89
7779596802799 11
2766259643922 45
8566390391086 4
9665283922690 67
2745507353372 32
4954752452810 54
6673171193076 75
1445487054290 43
1088227576563 69
6949348295783 60
7283635770480 53
778076662258 59
1563934594047 21
9663331046996 19
736446118622 50
2019577243707 68
2488477785585 13
8261603050792 70
3544231118520 94
9317848707796 71
1160776697633 25
1126735424733 52
6170925958387 54
7371267931923 65
536586865462 25
8798335158769 22
3259514530797 26
9184687586104 7
6974834058930 67
9436158344469 51
6402784343377 36
6226491750234 81
6240741136380 86
9945298956894 15
2412487737611 37
6073879378053 7
3533254779085 13
1406380981871 11
9772837281806 57
6962502928340 92
3096602444025 4
8128815443785 62
5335587210661 44
1178734755584 30
6159027616778 97
20038754325 82
2068966000068 2
1451411391642 79
732962612767 15
8093848042609 69
657363967015 33
6718714790276 15
1366679530630 86
3893968139490 15
6901913337202 57
1447278266886 26
6615646457464 18
6353801411967 92
6887934043085 59
4259992240241 27
8146597928179 53
5607110927200 38
525730155043 22
8524439715956 45
8454401323296 12
4404143122842 39
783521133016 41
3301552692329 93
9247122336526 82
3288886132000 71
8051160550910 13
6145888757480 49
4311426765475 39
6616377979024 47
30563648837 13
4244659775605 3
5155569869749 81
8391894156524 71
6909461682222 7
6939992797256 41
3532127584834 81
4473965603011 65
2465331135741 36
6465849386150 98
4970207783077 65
7859826448520 59
4490068568297 67
7686512649543 11
6503742682629 99
10000024798250 53
5177598159671 82
4710636559743 27
4094792583842 98
6013636710130 19
16370542536 65
6366454578764 25
4296102730009 42
7864146849874 65
8615107133033 99
8473055989278 98
4083069056699 81
6605020561936 43
336103597587 14
7373801614686 4
8592761147228 15
3373321267600 74
1616016940580 15
4101864643501 62
1184825850792 50
6714232446404 20
3067468163542 91
4749694525352 58
3919444514125 85
4124173410562 61
6942174913775 87
6118203870450 49
8928449140163 65
9597550251388 65
7013094951047 49
6103567673884 42
4342684232799 28
9374552712356 62
7560015429402 68
1668679353719 57
3590256012013 55
9946037678176 30
1461936132473 72
4020463720367 29
7307910885936 12
7915100949674 91
740203833294 99
5273667077367 16
6754866559692 82
8932374362468 94
1840075148618 4
9372154911539 96
4511168289675 2
2140629210714 28
2220630933541 84
814362301796 37
2191389020474 64
2467779772370 87
5454469495339 56
9034705804199 42
4632049274927 56
7010803488168 68
980617532443 23
5040074732939 70
7154025201472 19
1501782905399 86
9006728443598 1
5176028387425 56
9618982748015 42
5587417754875 75
1125134818490 18
7649669283028 67
7161348692561 81
6969848996565 67
6604861204053 20
5376535876357 7
2951867513083 92
6608332243119 33
4670147237242 61
1667137788922 70
5619193378647 68
816610100643 52
4042027167177 39
8142155858043 23
3308464742125 41
5498960899273 10
129690976771 60
7750123399576 91
3264416544881 81
9906026513150 77
722033160008 18
1104525530439 78
7668239056557 9
7606385723271 75
9360433405534 64
4160896044352 100
2441612862432 50
9603885913608 52
969313284324 10
142987247326 72
1473121343015 22
8711377587061 13
8789746984818 9
8893851989115 74
1178979345881 12
1921778581158 92
4079946845561 36
5574913178977 42
738330541073 31
4084909507756 18
2453159721623 59
5076728033313 30
3222480348364 20
1377581264925 99
2424161677018 58
8469571663791 84
7162516658847 3
5500095339816 12
3639956195935 50
8004764475889 3
3191331789642 86
6719948047702 94
2952015824562 15
9018633193239 70
5474497436109 2
3788278963503 91
1347685555628 3
2821598393048 71
3543958250919 4
8761959541334 56
5719748170221 92
9865402947967 92
4409986409766 86
8832865779915 9
9757782919239 40
2868046803435 100
6762510620033 57
218730651266 50
1881193389655 80
3404041461491 67
2339243852682 57
5282516639414 45
6056496077728 81
8257095316956 86
2302463346353 37
5567742907845 97
4248092017204 83
902813652824 25
796150097384 43
6707189688589 6
6571647000382 48
3501385032686 62
9162400003736 51
3047021372192 30
2956648179718 34
8398452870416 15
3642551914595 57
8982821445364 54
1783421849474 27
9298670972231 26
4256477574399 35
2107265363662 94
297065689677 14
7161816669834 88
2744927109800 7
1646317454945 41
3442580162286 98
2649069033122 13
8867818171580 17
3646910861938 82
2146321894915 89
7119527039616 45
5724670549366 7
5487090453094 35
3339771201089 92
1593146245928 99
9650512607926 85
6099987018352 94
6710490630730 66
1039962735925 5
7129147358448 25
8771160501973 29
7833982683155 3
3175044989281 22
7115488596327 82
8524604513215 21
8866488234834 51
5049852952013 67
