8030000000001
2200000000006
1194999999999
6921400000004
1491098084853
7084102190701
5112033999999
6897826442503
3447028379702
1125230030857
6168497999999
2222699999999
3026699999999
331799999999
1487414790002
1628199999999
8690199306899
9713770000007
916549999999
4049029999999
4963236393795
9609290700005
8369313799999
9483748158005
2369580799999
3293999999999
912022586699
253000000006
2830000000049
8473183310002
6997476271902
3833109999999
3914194000001
5566932962439
179559999999
7238383710999
748000000003
5217189202802
3352297478999
931400745179
5308252856059
4259118500004
9740700000006
157856955195
5100000000001
6886929029887
8731455000006
7780124664999
4265259999999
7475557000001
2961345920000
9587510000004
1559120899999
2824644839499
9503989999999
632464256999
7981055083899
1030837000000
9403668225169
290000000004
9819734000004
6592756999999
8000000000002
1200000000001
7718272411574
6605034989999
4000000000001
4387541388208
994744193001
9852720000003
967400468149
5309276185206
5375930093804
6668520979999
7528806180669
9278240000003
4134105338582
5897238999999
249999999999
10000000000003
5760689999999
8638435000049
6985340000029
4083290000005
236499920002
8477970000006
4420000000008
151524590000
125693989999
4573382500004
3780000000001
5001377354599
9720951311659
9940729527189
10000000000004
10000000000006
4922952878102
2891160635405
9583892262339
9887545311110
908899999999
1023461799999
2200000000000
5122999999999
8000000000039
9930500000004
3600000000000
10000000000005
5828783799999
3227874407899
4000000000004
7566480700004
7706940000002
581240000003
7431256879999
7109555615899
8832631479999
3667549999999
9308002622262
3260000000003
8485897904302
9073881089001
8118648578999
5297709999999
8378641599999
7764000000003
9673765389999
804000000001
5786369642818
4669031599999
1852422574799
1556007999999
9910773999999
1666285637699
4013116129999
6519314918000
8111951100007
4529508100553
4347845367025
175537651600
8351959711004
4855118000019
3268699999999
5404000000004
7042828000049
2270510000002
1849886000003
10000000000000
9050040000001
976939056628
6169233017999
5560500914262
3087787287901
509300000001
9916400000005
160456599999
8624275899999
6291600000007
673100000006
1000000000002
1766809800002
6610345499999
7042400000004
5376522699999
7435999999999
9153880925707
3850000000002
7882669224461
4802728161940
4371472498191
9076786320001
2990000000003
9547503536000
9600000000006
1000000000003
7935696685869
3752199620003
6353969999999
733369999999
6885291484400
8083060699999
1768766700003
751069999999
8870000000006
10000000000000
271244000002
7771000000000
4817920000004
2539999999999
7536800000039
4945300000004
6239556764000
16041628019
9491220020729
4322233999999
8916690000199
2413190000019
4335574360005
335229789999
8718038460003
6500000000001
5495480369599
2244668802899
2000000000003
4722000000002
8278954012979
4534300000004
8363500000000
7110317999999
5299800000000
4228700000004
3836699999999
4904999999999
9810000000001
1373445807799
3618999999999
7511790504000
2024042000001
9420479999999
4532240000006
2613347528899
3807106101999
7328039990789
1697599999999
199999999999
5869249999999
1211680000003
892490000002
7876330410001
1346999999999
9221130000004
7063379999999
4066033769999
6487713055799
2637265299999
7626814981079
3829487999999
2397426799999
10000000000002
5594210459779
1090650299999
7877000000003
1200000000005
9000000000003
9467267677304
10000000000005
4718902432069
5418816020289
4441535400679
2269777489999
2924817337898
2328581991799
1328850889999
7910986359999
8820588899999
8557232000003
4966980440167
10000000000000
5202046073113
5177000000003
386078159999
3355699999999
8824000000003
3889085373002
678895722947
342164664489
10000000000000
360000000003
7396800000004
2315000000001
1771699700002
6126920570001
7305000000000
2872069999999
8965791700003
10000000000000
1516572443012
4456018992029
9302218554006
3603899999999
5000000000004
3590000000001
6616339199999
7940403080005
2208510000019
227944800039
10000000000000
718199999999
4693700000000
933202858999
1638145600003
3010000000019
8635199293901
3493956999999
5809979408899
7916869426798
1042999999999
869212275507
5441210000029
1669911000002
9063500687202
1629096599999
8252720684999
8615977964105
5937299999999
6604227000006
7655359550300
730000000004
7078789340682
4225482999999
1319766350005
3200221294799
3641554804399
99999999999
2878399999999
6731651512504
3590000000001
2128155524705
707071099182
4784790000000
298999999999
4218858869999
1001265000006
4235907339999
10000000000008
967160186003
602079338999
2852188010003
8236815055305
3326000000002
4561205000002
3057999999999
8417169999999
9987732119999
6000000000002
5767690000000
6159868899999
4200000000004
4933900000001
5300000000002
6860844000000
4594649999999
374066781702
1705725599999
317733849999
10000000000001
5100000000000
3026899999999
7962584000003
2627357999999
7785259999999
106000000003
8380750910239
1104558762899
3000000000001
7418120000000
2551608999999
6992430000019
9458740166003
1535718999999
3730000000003
4654581327999
4039349999999
2319446852599
693913000007
5890000000019
3341014164002
2422559999999
264235078899
5034691296879
9872030916999
2500000000002
4500000000003
5348470000003
8153000000005
3697439000003
10000000000005
700000000002
6032439999999
4183700000001
7962489780676
5204614795148
6067899999999
3023606320818
1153479999999
9265214000002
1000000000004
3447455729305
1182599999999
8895121599999
5700000000000
1215387483153
942918009103
6006000000000
4927316999999
3704999999999
264999999999
4191641594999
6531757999999
2658221947504
5272720000000
8710000000059
3650223999999
755999999999
951590000002
4167291489999
2241000000003
452631429999
7294304540001
158070805000
7000000000005
5109757999999
2763458934999
3239999999999
6515810893999
6979598663799
7813848000002
7569845555479
7845130106899
6296000000007
7973426861601
5426747999999
5845057400001
3396843079999
2336413999999
5359314304349
7413788999999
5887825699999
10000000000001
9471631021004
5011258111399
8072303899999
2200000000000
4287514332527
3964977324999
9000000000002
1044979800003
2151000000002
83679463003
27736346889
9102590003789
1401632972999
5855286350454
6691960227484
6409699999999
1907866999999
2612369999999
4244174020004
5621000000005
4733032673529
9114300000003
1522999999999
8000000000006
7048899999999
9220880800004
219491000029
2462436999999
4837354999999
8910581969000
4000000000000
7691242508319
6739189999999
6000000000006
5053268799999
9514154274399
1032789699999
10000000000000
8786050673002
6228400000001
8813000000007
2909074754557
3770222973549
652624507999
3688400000006
200000000001
4882000000000
3477366000000
10000000000000
2609999999999
752700000009
2970000000000
742460671406
4340644015101
7276613789999
10000000000000
6016600000003
5120123900000
3700000000001
8393600000004
6000000000002
4958046200000
6354799999999
1835781358002
7740120000000
7664451499999
7000000000004
280000000001
6894739526802
7000000000001
5186282253903
260000000004
454119699999
988028584503
1150355000004
1423926400002
7910000000049
6702000000001
4816552440004
8745950619799
2974456701479
1047812477599
7040305783799
6823722999999
5943376702999
8104736000004
5831348355230
2330871544655
3740660000003
380000000001
3000000000005
1375657300002
8185777651056
4871520294889
6613344968399
5557334289699
25378722299
9115244314999
7930419345599
999099999999
9584980773999
5001800000004
7466021399999
1700134000000
650759999999
6096856508500
3884000000000
3958766652789
5548708600006
5070262860079
2446095165001
1748192520099
7232000000005
9537158391817
6800739048299
9034465399999
9639197200001
1799554898999
1367258740999
8310233050000
5579701799999
5368382741000
1877940653999
1549999999999
8157000000005
9587871999999
7228480688999
3073400000001
2198000000004
9621067999999
3169999999999
5382649999999
2689291281338
9887816823522
681046582001
6074541400006
2602646000001
5723436000008
770000000000
1906404000008
3855773999999
10000000000009
2828680000003
5542982728585
5209065736865
4024260418790
3817100000000
1140000000004
6590000000003
562100000002
9221000000009
3529299999999
8078723100003
10000000000002
6507000000001
7771318390000
9703179948173
1445069220001
9896767680079
7600000000002
2150434455999
3500000000000
1000000000001
2473052199579
5618799999999
4843752400002
9671800000003
6662000000001
8000000000005
6595965579625
1173000000001
4492313685000
1662992956599
3406389999999
2924603500001
10000000000005
2544045059999
1041720000006
4716429000000
1105530515719
6549913233299
10000000000002
4321419607999
3970000000006
10000000000001
6076041930589
4931271789999
6846364700001
6504908000000
8153193991269
1214977799999
4503717276039
4937694369999
7300000000003
9100000000000
10000000000001
4344199999999
1829313499999
6995000000002
610089999999
6363817189300
7762975999999
7253639999999
7888530000000
4860410000000
3186367689999
856347586999
10000000000003
3234690806778
5447339999999
5518471089999
7903360187006
594946250002
8527222091899
5530840100002
10000000000029
5822530000002
3190000000005
10000000000000
6832994686999
7116659389414
2686415759999
8000000000003
3800000000001
10000000000002
3236544209029
4647685000001
5023022265906
870915399999
2831497708099
2685850038004
8295581899999
9356100000059
1582879999999
2560000000003
7718592273029
8434375960006
7647442682869
2924165699999
7084639999999
625549000004
7728296800049
1459421720402
515100000002
6300000000002
8732091918999
6000000000003
7493294749999
8509674841889
6020840070019
8000000000003
741886873599
4142777630001
2066032402105
9802158599999
10000000000005
10000000000019
5700109629203
111060611022
3260000000019
9561673879999
5395881000002
9020000000005
59999999999
1963657790003
8594341999999
9792408790799
5378688365699
8000000000005
1000466868007
6594560000002
8000000000007
7994978550007
6994350433004
9867350277175
4516169158999
2244667731999
10000000000002
2799563000001
8788772344589
632992399999
4217205586999
6717700000005
4358930000002
7040000000003
1966794899999
5992965926398
9698253000007
3571100000003
2092320943604
6945235047999
2864980200001
6519710000004
450954100000
1991259999999
4081660599999
6621176949999
3048774669999
7893928709999
8000000000003
2766259700001
10000000000003
9665283922708
2745508000001
4954752453006
6673171197999
1445487055000
1088227576599
6949348296000
7283635770500
778076662262
1564000000005
9700000000003
736446118631
2019577244999
2500000000006
8261603089999
3544699999999
9317848707809
1160780000002
1126735424737
6170925959001
7371267931928
536600000005
8800000000006
3259520000000
10000000000006
6974834058931
9436158345003
6402784400001
6226491789999
6240749999999
10000000000059
2412487800001
6100000000000
3540000000001
1410000000005
9772837282002
6962519999999
3100000000000
8128815443792
5335587211004
1178740000002
6159499999999
20899999999
10000000000001
1451419999999
733000000002
8093848042689
657364000002
6720000000000
1366679579999
3900000000003
6901913337249
1447280000000
6620000000004
6353849999999
6887934043106
4260000000069
8146597930001
5607110930006
525800000002
8524439720001
9000000000003
4404143122851
783521133017
3306999999999
9247123999999
3288886132499
8100000000004
6145888800001
4311426770004
6616378000019
30600000004
10000000000002
5155569869769
8391894156539
7000000000000
6940000000499
3532149999999
4473965603099
2465331136002
6465869999999
4970207783099
7859826450005
4490068568359
8000000000003
6507999999999
10000024798499
5177598159799
4710640000005
4094999999999
6013700000002
16370579999
6367000000003
4296102730017
7864146850079
8615799999999
8473499999999
4083069699999
6605020562029
336110000000
10000000000003
8600000000001
3373321799999
1616100000000
4101864643799
1184825850800
6715000000001
3067489999999
4749694526002
3919444699999
4124173417999
6942174999999
6118203870454
8928449140169
9597550251395
7013094951055
6103567680000
4342690000000
9374552712359
7560015449999
1668679354002
3590256012499
9946100000001
1461936159999
4020463721000
7310000000001
7915159999999
747999999999
5280000000001
6754866559696
8932378999999
2000000000002
9372399999999
10000000000001
2140629211000
2220699999999
814362301801
2191389022999
2467779774999
5454469496000
9034705804200
4632049274933
7010803499999
981000000005
5040074779999
7154100000001
1501799999999
10000000000000
5176028387432
9618990000000
5587417754877
1125135000000
7649669283034
7161348699999
6969849000079
6605000000003
6000000000001
2951867999999
6608332300002
4670147237299
1667137788925
5619193378655
816610102999
4042027167204
8142160000001
3308464750001
5500000000000
129690976803
7750189999999
3264417999999
9906026549999
722034000000
1104549999999
8000000000001
7606385724999
9360433405999
4168999999999
2441612862437
9603885920002
1000000000009
142987248999
1473122000002
9000000000004
9000000000000
8893851989123
1180000000002
1921799999999
4079950000002
5574913200006
738330600001
4085000000001
2453159721659
5076730000002
3222500000006
1377999999999
2424161677099
8469571665999
10000000000002
5500100000001
3639956200007
10000000000002
3191369999999
6719948599999
3000000000039
9018633193999
10000000000001
3788278966999
2000000000001
2821598393399
4000000000000
8761959542000
5719748699999
9865406999999
4409986469999
9000000000000
9757800000004
2868499999999
6762510620499
218730651269
1881193499999
3404041699999
2339243852691
5282516640006
6056496099999
8257095599999
2302463346400
5567749999999
4248092999999
902814000001
796150100059
10000000000005
6571647000390
3501385037999
9162400003899
3047021373000
2956650000001
8400000000003
3642551914629
8982821446002
1783422000000
9300000000059
4256480000006
2119999999999
300000000029
7161829999999
3000000000004
1646317460003
3446999999999
2650000000000
8900000000000
3646910899999
2146499999999
7119527040009
6000000000001
5487091000001
3339776999999
1593999999999
9650515999999
6099987199999
6710490633999
1040000000000
7129150000000
8771200000004
10000000000002
3175050000001
7115488597999
8525000000001
8866488300000
5049852952099
